initMinX=676562.4994598215
initMinY=4613526.0020469865
initMaxX=676562.4994598215
initMaxY=4613526.0020469865
initZoom=2
initSRS=EPSG:23030
maxMinX=651500
maxMinY=4590500
maxMaxX=694100
maxMaxY=4645000